179 712 928 718 766 558 990 344 167 434 915 428 164 515 478 749 624 413 929 582
193 51 983 354 723 195 164 983 77 798 197 423 376 210 975 437 128 278 667 689
123 722 375 16 479 609 495 91 553 628 138 41 287 100 2 452 78 443 955 301
759 15 676 829 557 644 547 122 706 781 771 202 759 839 745 766 218 314 669 926
162 525 195 581 846 885 960 721 27 273 442 689 556 229 657 939 36 721 642 617
991 102 769 127 942 756 254 396 561 819 777 35 255 844 360 157 778 874 135 996
445 507 270 910 487 693 918 852 841 111 893 94 163 653 858 758 997 719 778 309
513 495 873 541 902 925 700 397 446 624 786 530 513 195 67 560 723 978 1 965
153 328 259 782 401 223 577 985 47 266 953 334 468 658 944 978 744 340 132 929
88 627 190 935 259 663 925 572 406 705 437 890 552 41 631 44 511 303 322 84
753 923 959 441 663 417 930 988 772 132 124 493 987 342 85 199 590 249 311 132
11 661 950 206 153 343 804 636 864 810 465 725 262 980 999 740 342 119 859 703
331 123 200 438 219 293 221 725 862 174 503 86 294 987 985 94 32 252 663 834
176 779 723 486 91 778 750 913 806 129 688 969 124 59 867 294 284 293 298 150
937 514 279 525 138 342 257 502 354 557 436 34 83 566 75 843 867 193 448 950
641 610 500 379 512 538 162 795 770 193 838 885 64 889 84 268 629 770 874 377
675 982 631 520 661 208 397 906 59 621 353 894 316 287 60 692 334 122 985 616
201 893 519 271 617 615 377 538 322 508 721 956 302 410 99 761 450 636 645 724
271 874 853 237 124 803 298 270 320 416 332 561 917 694 368 384 352 568 116 160
557 359 689 706 240 975 261 111 606 519 472 304 818 700 183 464 315 578 820 158
258 913 447 770 786 903 773 227 752 920 351 731 746 15 246 920 836 592 329 216
21 844 137 184 816 791 900 457 54 337 565 472 881 975 37 72 948 29 67 637
318 475 551 848 221 241 556 778 551 80 227 591 107 423 628 833 254 710 560 838
562 763 786 711 193 895 651 117 855 635 973 682 989 876 575 994 242 296 160 244
948 789 271 72 772 661 614 447 336 847 206 738 257 548 422 40 949 844 653 439
63 22 111 662 346 529 245 556 789 633 572 545